RF	LO		ideal
-5	-17.0499	-17.05
-4.9	-16.9669	-16.9668
-4.8	-16.8838	-16.8836
-4.7	-16.8008	-16.8004
-4.6	-16.7177	-16.7172
-4.5	-16.6347	-16.634
-4.4	-16.5516	-16.5508
-4.3	-16.4685	-16.4676
-4.2	-16.3853	-16.3844
-4.1	-16.3022	-16.3012
-4	-16.219		-16.218
-3.9	-16.1358	-16.1348
-3.8	-16.0526	-16.0516
-3.7	-15.9695	-15.9684
-3.6	-15.8847	-15.8852
-3.5	-15.8011	-15.802
-3.4	-15.7174	-15.7188
-3.3	-15.6336	-15.6356
-3.2	-15.5498	-15.5524
-3.1	-15.4659	-15.4692
-3	-15.382		-15.386
-2.9	-15.298		-15.3028
-2.8	-15.214		-15.2196
-2.7	-15.1299	-15.1364
-2.6	-15.0458	-15.0532
-2.5	-14.9618	-14.97
-2.4	-14.8777	-14.8868
-2.3	-14.7922	-14.8036
-2.2	-14.7078	-14.7204
-2.1	-14.6234	-14.6372
-2	-14.5389	-14.554
-1.9	-14.4545	-14.4708
-1.8	-14.37		-14.3876
-1.7	-14.2856	-14.3044
-1.6	-14.2013	-14.2212
-1.5	-14.117		-14.138
-1.4	-14.0329	-14.0548
-1.3	-13.949		-13.9716
-1.2	-13.8642	-13.8884
-1.1	-13.7804	-13.8052
-1	-13.6967	-13.722
-0.9	-13.6134	-13.6388
-0.8	-13.5303	-13.5556
-0.7	-13.4476	-13.4724
-0.6	-13.3654	-13.3892
-0.5	-13.2837	-13.306
-0.4	-13.2027	-13.2228
-0.3	-13.1224	-13.1396
-0.2	-13.0429	-13.0564
-0.1	-12.9644	-12.9732
0	-12.8871	-12.89
0.1	-12.811		-12.8068
0.2	-12.7362	-12.7236
0.3	-12.663		-12.6404
0.4	-12.5914	-12.5572
0.5	-12.5214	-12.474
0.6	-12.4526	-12.3908
0.7	-12.3861	-12.3076
0.8	-12.3213	-12.2244
0.9	-12.2585	-12.1412
1	-12.1974	-12.058
1.1	-12.138		-11.9748
1.2	-12.0805	-11.8916
1.3	-12.0247	-11.8084
1.4	-11.9706	-11.7252
1.5	-11.9183	-11.642
1.6	-11.8677	-11.5588
1.7	-11.8187	-11.4756
1.8	-11.7716	-11.3924
1.9	-11.7259	-11.3092
2	-11.6818	-11.226
2.1	-11.6395	-11.1428
2.2	-11.5985	-11.0596
2.3	-11.5589	-10.9764
2.4	-11.5209	-10.8932
2.5	-11.4841	-10.81
2.6	-11.4486	-10.7268
2.7	-11.4143	-10.6436
2.8	-11.381		-10.5604
2.9	-11.3488	-10.4772
3	-11.3175	-10.394
3.1	-11.2872	-10.3108
3.2	-11.2576	-10.2276
3.3	-11.229		-10.1444
3.4	-11.201		-10.0612
3.5	-11.1735	-9.978
3.6	-11.1467	-9.8948
3.7	-11.1206	-9.8116
3.8	-11.095		-9.7284
3.9	-11.07		-9.6452
4	-11.0455	-9.562
4.1	-11.0214	-9.4788
4.2	-10.9977	-9.3956
4.3	-10.9746	-9.3124
4.4	-10.9518	-9.2292
4.5	-10.9295	-9.146
4.6	-10.9076	-9.0628
4.7	-10.8861	-8.9796
4.8	-10.865		-8.8964
4.9	-10.8443	-8.8132
5	-10.824		-8.73
5.1	-10.804		-8.6468
5.2	-10.7845	-8.5636
5.3	-10.7654	-8.4804
5.4	-10.7466	-8.3972
5.5	-10.7283	-8.314
5.6	-10.7104	-8.2308
5.7	-10.6929	-8.1476
5.8	-10.6758	-8.0644
5.9	-10.6591	-7.9812
6	-10.6429	-7.898
6.1	-10.6271	-7.8148
6.2	-10.6117	-7.7316
6.3	-10.5968	-7.6484
6.4	-10.5822	-7.5652
6.5	-10.5681	-7.482
6.6	-10.5545	-7.3988
6.7	-10.5412	-7.3156
6.8	-10.5284	-7.2324
6.9	-10.5159	-7.1492
7	-10.5039	-7.066
7.1	-10.4922	-6.9828
7.2	-10.4809	-6.8996
7.3	-10.47		-6.8164
7.4	-10.4594	-6.7332
7.5	-10.4492	-6.65
7.6	-10.4393	-6.5668
7.7	-10.4297	-6.4836
7.8	-10.4204	-6.4004
7.9	-10.4114	-6.3172
8	-10.4027	-6.234
8.1	-10.3943	-6.1508
8.2	-10.3861	-6.0676
8.3	-10.3782	-5.9844
8.4	-10.3706	-5.9012
8.5	-10.3632	-5.818
8.6	-10.356		-5.7348
8.7	-10.349		-5.6516
8.8	-10.3423	-5.5684
8.9	-10.3358	-5.4852
9	-10.3294	-5.402
9.1	-10.3233	-5.3188
9.2	-10.3174	-5.2356
9.3	-10.3116	-5.1524
9.4	-10.306		-5.0692
9.5	-10.3006	-4.986
9.6	-10.2954	-4.9028
9.7	-10.2903	-4.8196
9.8	-10.2854	-4.7364
9.9	-10.2806	-4.6532
10	-10.2759	-4.57
10.1	-10.2714	-4.4868
10.2	-10.267		-4.4036
10.3	-10.2627	-4.3204
10.4	-10.2586	-4.2372
10.5	-10.2545	-4.154
10.6	-10.2506	-4.0708
10.7	-10.2467	-3.9876
10.8	-10.243		-3.9044
10.9	-10.2393	-3.8212
11	-10.2357	-3.738
11.1	-10.2323	-3.6548
11.2	-10.2288	-3.5716
11.3	-10.2255	-3.4884
11.4	-10.2222	-3.4052
11.5	-10.219		-3.322
11.6	-10.2159	-3.2388
11.7	-10.2128	-3.1556
11.8	-10.2098	-3.0724
11.9	-10.2068	-2.9892
12	-10.2039	-2.906
12.1	-10.201		-2.8228
12.2	-10.1982	-2.7396
12.3	-10.1954	-2.6564
12.4	-10.1926	-2.5732
12.5	-10.1899	-2.49
12.6	-10.1873	-2.4068
12.7	-10.1846	-2.3236
12.8	-10.182		-2.2404
12.9	-10.1794	-2.1572
13	-10.1769	-2.074
13.1	-10.1743	-1.9908
13.2	-10.1718	-1.9076
13.3	-10.1694	-1.8244
13.4	-10.1669	-1.7412
13.5	-10.1645	-1.658
13.6	-10.162		-1.5748
13.7	-10.1596	-1.4916
13.8	-10.1573	-1.4084
13.9	-10.1549	-1.3252
14	-10.1525	-1.242
14.1	-10.1502	-1.1588
14.2	-10.1479	-1.0756
14.3	-10.1456	-0.9924
14.4	-10.1433	-0.9092
14.5	-10.141		-0.826
14.6	-10.1387	-0.7428
14.7	-10.1364	-0.6596
14.8	-10.1342	-0.5764
14.9	-10.1319	-0.4932
15	-10.1297	-0.41
15.1	-10.1275	-0.3268
15.2	-10.1253	-0.2436
15.3	-10.1231	-0.1604
15.4	-10.1209	-0.0772
15.5	-10.1187	0.006
15.6	-10.1165	0.0892
15.7	-10.1144	0.1724
15.8	-10.1122	0.2556
15.9	-10.1101	0.3388
16	-10.1079	0.422
16.1	-10.1058	0.5052
16.2	-10.1037	0.5884
16.3	-10.1016	0.6716
16.4	-10.0995	0.7548
16.5	-10.0975	0.838
16.6	-10.0954	0.9212
16.7	-10.0934	1.0044
16.8	-10.0914	1.0876
16.9	-10.0894	1.1708
17	-10.0874	1.254
17.1	-10.0854	1.3372
17.2	-10.0835	1.4204
17.3	-10.0816	1.5036
17.4	-10.0797	1.5868
17.5	-10.0778	1.67
17.6	-10.076		1.7532
17.7	-10.0742	1.8364
17.8	-10.0724	1.9196
17.9	-10.0706	2.0028
18	-10.0689	2.086
18.1	-10.0672	2.1692
18.2	-10.0656	2.2524
18.3	-10.0639	2.3356
18.4	-10.0623	2.4188
18.5	-10.0608	2.502
18.6	-10.0593	2.5852
18.7	-10.0578	2.6684
18.8	-10.0563	2.7516
18.9	-10.0549	2.8348
19	-10.0536	2.918
19.1	-10.0523	3.0012
19.2	-10.051		3.0844
19.3	-10.0498	3.1676
19.4	-10.0486	3.2508
19.5	-10.0474	3.334
19.6	-10.0463	3.4172
19.7	-10.0453	3.5004
19.8	-10.0442	3.5836
19.9	-10.0433	3.6668
20	-10.0423	3.75
