LO	RF		ideal
-5	-11.9083	-11.9075
-4.9	-11.8009	-11.80929
-4.8	-11.6936	-11.71108
-4.7	-11.5864	-11.61287
-4.6	-11.4794	-11.51466
-4.5	-11.3726	-11.41645
-4.4	-11.2659	-11.31824
-4.3	-11.1595	-11.22003
-4.2	-11.0533	-11.12182
-4.1	-10.9474	-11.02361
-4	-10.8418	-10.9254
-3.9	-10.7365	-10.82719
-3.8	-10.6315	-10.72898
-3.7	-10.5269	-10.63077
-3.6	-10.422		-10.53256
-3.5	-10.3179	-10.43435
-3.4	-10.2143	-10.33614
-3.3	-10.111		-10.23793
-3.2	-10.0082	-10.13972
-3.1	-9.90581	-10.04151
-3	-9.80388	-9.9433
-2.9	-9.70243	-9.84509
-2.8	-9.60145	-9.74688
-2.7	-9.50097	-9.64867
-2.6	-9.40099	-9.55046
-2.5	-9.30152	-9.45225
-2.4	-9.20256	-9.35404
-2.3	-9.10412	-9.25583
-2.2	-9.0062		-9.15762
-2.1	-8.90881	-9.05941
-2	-8.81193	-8.9612
-1.9	-8.71559	-8.86299
-1.8	-8.61976	-8.76478
-1.7	-8.52447	-8.66657
-1.6	-8.4297		-8.56836
-1.5	-8.33455	-8.47015
-1.4	-8.24067	-8.37194
-1.3	-8.14731	-8.27373
-1.2	-8.05449	-8.17552
-1.1	-7.96223	-8.07731
-1	-7.87054	-7.9791
-0.9	-7.77947	-7.88089
-0.8	-7.68905	-7.78268
-0.7	-7.59934	-7.68447
-0.6	-7.51038	-7.58626
-0.5	-7.42226	-7.48805
-0.4	-7.33505	-7.38984
-0.3	-7.24886	-7.29163
-0.2	-7.16378	-7.19342
-0.1	-7.07994	-7.09521
0	-6.99746	-6.997
0.1	-6.91647	-6.89879
0.2	-6.83707	-6.80058
0.3	-6.75939	-6.70237
0.4	-6.68352	-6.60416
0.5	-6.60954	-6.50595
0.6	-6.5367		-6.40774
0.7	-6.46645	-6.30953
0.8	-6.39815	-6.21132
0.9	-6.3318		-6.11311
1	-6.2674		-6.0149
1.1	-6.20491	-5.91669
1.2	-6.14433	-5.81848
1.3	-6.08564	-5.72027
1.4	-6.0288		-5.62206
1.5	-5.97382	-5.52385
1.6	-5.92066	-5.42564
1.7	-5.8693		-5.32743
1.8	-5.81968	-5.22922
1.9	-5.7717		-5.13101
2	-5.72549	-5.0328
2.1	-5.68091	-4.93459
2.2	-5.63788	-4.83638
2.3	-5.59642	-4.73817
2.4	-5.55635	-4.63996
2.5	-5.51764	-4.54175
2.6	-5.48021	-4.44354
2.7	-5.44399	-4.34533
2.8	-5.4089		-4.24712
2.9	-5.37486	-4.14891
3	-5.34181	-4.0507
3.1	-5.30968	-3.95249
3.2	-5.27842	-3.85428
3.3	-5.24797	-3.75607
3.4	-5.21828	-3.65786
3.5	-5.18905	-3.55965
3.6	-5.16062	-3.46144
3.7	-5.13289	-3.36323
3.8	-5.10574	-3.26502
3.9	-5.07918	-3.16681
4	-5.05304	-3.0686
4.1	-5.0274		-2.97039
4.2	-5.00244	-2.87218
4.3	-4.97792	-2.77397
4.4	-4.95381	-2.67576
4.5	-4.93025	-2.57755
4.6	-4.90694	-2.47934
4.7	-4.88441	-2.38113
4.8	-4.86228	-2.28292
4.9	-4.84058	-2.18471
5	-4.81936	-2.0865
5.1	-4.79861	-1.98829
5.2	-4.77839	-1.89008
5.3	-4.75861	-1.79187
5.4	-4.73931	-1.69366
5.5	-4.7205		-1.59545
5.6	-4.70218	-1.49724
5.7	-4.68437	-1.39903
5.8	-4.66706	-1.30082
5.9	-4.65025	-1.20261
6	-4.63395	-1.1044
6.1	-4.61813	-1.00619
6.2	-4.60281	-0.90798
6.3	-4.58799	-0.80977
6.4	-4.57365	-0.71156
6.5	-4.55981	-0.61335
6.6	-4.54643	-0.51514
6.7	-4.53368	-0.41693
6.8	-4.52109	-0.31872
6.9	-4.50907	-0.22051
7	-4.4975		-0.1223
7.1	-4.48633	-0.02409
7.2	-4.47556	0.07412
7.3	-4.46519	0.17233
7.4	-4.45516	0.27054
7.5	-4.44553	0.36875
7.6	-4.43621	0.46696
7.7	-4.42723	0.56517
7.8	-4.41854	0.66338
7.9	-4.41021	0.76159
8	-4.40214	0.8598
8.1	-4.39433	0.95801
8.2	-4.38678	1.05622
8.3	-4.37949	1.15443
8.4	-4.37244	1.25264
8.5	-4.36561	1.35085
8.6	-4.359		1.44906
8.7	-4.3526		1.54727
8.8	-4.3464		1.64548
8.9	-4.3404		1.74369
9	-4.33453	1.8419
9.1	-4.32892	1.94011
9.2	-4.32344	2.03832
9.3	-4.31812	2.13653
9.4	-4.31284	2.23474
9.5	-4.30794	2.33295
9.6	-4.30308	2.43116
9.7	-4.29834	2.52937
9.8	-4.29374	2.62758
9.9	-4.28927	2.72579
10	-4.28492	2.824
10.1	-4.28069	2.92221
10.2	-4.27657	3.02042
10.3	-4.27257	3.11863
10.4	-4.26867	3.21684
10.5	-4.26487	3.31505
10.6	-4.26117	3.41326
10.7	-4.25756	3.51147
10.8	-4.25405	3.60968
10.9	-4.25062	3.70789
11	-4.24728	3.8061
11.1	-4.24402	3.90431
11.2	-4.24084	4.00252
11.3	-4.23774	4.10073
11.4	-4.23471	4.19894
11.5	-4.23175	4.29715
11.6	-4.22887	4.39536
11.7	-4.22604	4.49357
11.8	-4.2233		4.59178
11.9	-4.22059	4.68999
12	-4.21796	4.7882
12.1	-4.21538	4.88641
12.2	-4.21286	4.98462
12.3	-4.2104		5.08283
12.4	-4.20798	5.18104
12.5	-4.20562	5.27925
12.6	-4.20331	5.37746
12.7	-4.20104	5.47567
12.8	-4.19883	5.57388
12.9	-4.19665	5.67209
13	-4.19452	5.7703
13.1	-4.19243	5.86851
13.2	-4.19038	5.96672
13.3	-4.18837	6.06493
13.4	-4.1864		6.16314
13.5	-4.18446	6.26135
13.6	-4.18256	6.35956
13.7	-4.18069	6.45777
13.8	-4.17886	6.55598
13.9	-4.17706	6.65419
14	-4.17529	6.7524
14.1	-4.17355	6.85061
14.2	-4.17184	6.94882
14.3	-4.17016	7.04703
14.4	-4.16851	7.14524
14.5	-4.16688	7.24345
14.6	-4.16528	7.34166
14.7	-4.16371	7.43987
14.8	-4.16215	7.53808
14.9	-4.16062	7.63629
15	-4.15911	7.7345
15.1	-4.15763	7.83271
15.2	-4.15617	7.93092
15.3	-4.15473	8.02913
15.4	-4.15331	8.12734
15.5	-4.1519		8.22555
15.6	-4.15052	8.32376
15.7	-4.14916	8.42197
15.8	-4.14781	8.52018
15.9	-4.14648	8.61839
16	-4.14517	8.7166
16.1	-4.14387	8.81481
16.2	-4.14258	8.91302
16.3	-4.14132	9.01123
16.4	-4.14006	9.10944
16.5	-4.13883	9.20765
16.6	-4.1376		9.30586
16.7	-4.13639	9.40407
16.8	-4.13519	9.50228
16.9	-4.13401	9.60049
17	-4.13283	9.6987
17.1	-4.13167	9.79691
17.2	-4.13052	9.89512
17.3	-4.12938	9.99333
17.4	-4.12825	10.09154
17.5	-4.12713	10.18975
17.6	-4.12602	10.28796
17.7	-4.12492	10.38617
17.8	-4.12383	10.48438
17.9	-4.12275	10.58259
18	-4.12167	10.6808
18.1	-4.12061	10.77901
18.2	-4.11955	10.87722
18.3	-4.1185		10.97543
18.4	-4.11746	11.07364
18.5	-4.11643	11.17185
18.6	-4.1154		11.27006
18.7	-4.11438	11.36827
18.8	-4.11337	11.46648
18.9	-4.11236	11.56469
19	-4.11136	11.6629
19.1	-4.11036	11.76111
19.2	-4.10937	11.85932
19.3	-4.10838	11.95753
19.4	-4.1074		12.05574
19.5	-4.10643	12.15395
19.6	-4.10545	12.25216
19.7	-4.10449	12.35037
19.8	-4.10352	12.44858
19.9	-4.10257	12.54679
20	-4.10161	12.6445
