LO	RF		ideal
0	-18.1249	-18.12
0.1	-18.0473	-18.032
0.2	-17.9695	-17.944
0.3	-17.8914	-17.856
0.4	-17.813		-17.768
0.5	-17.7344	-17.68
0.6	-17.6557	-17.592
0.7	-17.5768	-17.504
0.8	-17.4963	-17.416
0.9	-17.4165	-17.328
1	-17.3363	-17.24
1.1	-17.2559	-17.152
1.2	-17.1752	-17.064
1.3	-17.0942	-16.976
1.4	-17.0129	-16.888
1.5	-16.9315	-16.8
1.6	-16.8497	-16.712
1.7	-16.7678	-16.624
1.8	-16.6857	-16.536
1.9	-16.6035	-16.448
2	-16.5192	-16.36
2.1	-16.436		-16.272
2.2	-16.3525	-16.184
2.3	-16.2688	-16.096
2.4	-16.1848	-16.008
2.5	-16.1006	-15.92
2.6	-16.0162	-15.832
2.7	-15.9316	-15.744
2.8	-15.8468	-15.656
2.9	-15.7618	-15.568
3	-15.6767	-15.48
3.1	-15.5902	-15.392
3.2	-15.5043	-15.304
3.3	-15.4183	-15.216
3.4	-15.332		-15.128
3.5	-15.2455	-15.04
3.6	-15.1589	-14.952
3.7	-15.0721	-14.864
3.8	-14.9851	-14.776
3.9	-14.898		-14.688
4	-14.8107	-14.6
4.1	-14.7234	-14.512
4.2	-14.6348	-14.424
4.3	-14.5469	-14.336
4.4	-14.4588	-14.248
4.5	-14.3706	-14.16
4.6	-14.2822	-14.072
4.7	-14.1937	-13.984
4.8	-14.1051	-13.896
4.9	-14.0162	-13.808
5	-13.9277	-13.72
5.1	-13.8382	-13.632
5.2	-13.749		-13.544
5.3	-13.6598	-13.456
5.4	-13.5704	-13.368
5.5	-13.481		-13.28
5.6	-13.3914	-13.192
5.7	-13.3019	-13.104
5.8	-13.212		-13.016
5.9	-13.1222	-12.928
6	-13.0324	-12.84
6.1	-12.9425	-12.752
6.2	-12.8526	-12.664
6.3	-12.7626	-12.576
6.4	-12.6726	-12.488
6.5	-12.5827	-12.4
6.6	-12.4927	-12.312
6.7	-12.4028	-12.224
6.8	-12.3127	-12.136
6.9	-12.2228	-12.048
7	-12.133		-11.96
7.1	-12.0433	-11.872
7.2	-11.9537	-11.784
7.3	-11.8642	-11.696
7.4	-11.7749	-11.608
7.5	-11.6857	-11.52
7.6	-11.5968	-11.432
7.7	-11.5082	-11.344
7.8	-11.4199	-11.256
7.9	-11.332		-11.168
8	-11.2445	-11.08
8.1	-11.1575	-10.992
8.2	-11.0711	-10.904
8.3	-10.9854	-10.816
8.4	-10.9004	-10.728
8.5	-10.8161	-10.64
8.6	-10.7328	-10.552
8.7	-10.6506	-10.464
8.8	-10.5697	-10.376
8.9	-10.49		-10.288
9	-10.4118	-10.2
9.1	-10.3351	-10.112
9.2	-10.26		-10.024
9.3	-10.1867	-9.936
9.4	-10.1151	-9.848
9.5	-10.0454	-9.76
9.6	-9.97749	-9.672
9.7	-9.91145	-9.584
9.8	-9.84726	-9.496
9.9	-9.78492	-9.408
10	-9.7243		-9.32
10.1	-9.6657		-9.232
10.2	-9.60877	-9.144
10.3	-9.55366	-9.056
10.4	-9.50029	-8.968
10.5	-9.44865	-8.88
10.6	-9.3987		-8.792
10.7	-9.35036	-8.704
10.8	-9.30399	-8.616
10.9	-9.25906	-8.528
11	-9.2157		-8.44
11.1	-9.17387	-8.352
11.2	-9.13352	-8.264
11.3	-9.09456	-8.176
11.4	-9.0569		-8.088
11.5	-9.02058	-8
11.6	-8.98541	-7.912
11.7	-8.95137	-7.824
11.8	-8.91836	-7.736
11.9	-8.88634	-7.648
12	-8.85523	-7.56
12.1	-8.82496	-7.472
12.2	-8.79546	-7.384
12.3	-8.76676	-7.296
12.4	-8.73871	-7.208
12.5	-8.71124	-7.12
12.6	-8.68444	-7.032
12.7	-8.65815	-6.944
12.8	-8.63247	-6.856
12.9	-8.60724	-6.768
13	-8.58248	-6.68
13.1	-8.55817	-6.592
13.2	-8.53429	-6.504
13.3	-8.51083	-6.416
13.4	-8.48774	-6.328
13.5	-8.46506	-6.24
13.6	-8.44278	-6.152
13.7	-8.42087	-6.064
13.8	-8.39928	-5.976
13.9	-8.37813	-5.888
14	-8.3573		-5.8
14.1	-8.33683	-5.712
14.2	-8.31671	-5.624
14.3	-8.29696	-5.536
14.4	-8.27757	-5.448
14.5	-8.25854	-5.36
14.6	-8.23989	-5.272
14.7	-8.2216		-5.184
14.8	-8.20369	-5.096
14.9	-8.18617	-5.008
15	-8.16902	-4.92
15.1	-8.15228	-4.832
15.2	-8.13592	-4.744
15.3	-8.11995	-4.656
15.4	-8.10439	-4.568
15.5	-8.08921	-4.48
15.6	-8.07444	-4.392
15.7	-8.06005	-4.304
15.8	-8.04606	-4.216
15.9	-8.03245	-4.128
16	-8.01922	-4.04
16.1	-8.00637	-3.952
16.2	-7.99388	-3.864
16.3	-7.98176	-3.776
16.4	-7.96998	-3.688
16.5	-7.95855	-3.6
16.6	-7.94745	-3.512
16.7	-7.93668	-3.424
16.8	-7.92623	-3.336
16.9	-7.91609	-3.248
17	-7.90625	-3.16
17.1	-7.89671	-3.072
17.2	-7.88745	-2.984
17.3	-7.87847	-2.896
17.4	-7.86976	-2.808
17.5	-7.86131	-2.72
17.6	-7.85313	-2.632
17.7	-7.84519	-2.544
17.8	-7.83749	-2.456
17.9	-7.83004	-2.368
18	-7.82282	-2.28
18.1	-7.8158		-2.192
18.2	-7.809		-2.104
18.3	-7.80242	-2.016
18.4	-7.79603	-1.928
18.5	-7.78984	-1.84
18.6	-7.78383	-1.752
18.7	-7.77801	-1.664
18.8	-7.77235	-1.576
18.9	-7.76687	-1.488
19	-7.76154	-1.4
19.1	-7.75637	-1.312
19.2	-7.75134	-1.224
19.3	-7.74645	-1.136
19.4	-7.7417		-1.048
19.5	-7.73707	-0.96
19.6	-7.73257	-0.872
19.7	-7.72818	-0.784
19.8	-7.72391	-0.696
19.9	-7.71974	-0.608
20	-7.71567	-0.52
